1.787583320988948898e+00 -3.673479208375955096e+00
1.693401111377179191e+01 4.652820859686743660e+01
8.830683566747897117e+00 -2.524720441113965208e+01
7.003694124045530600e+00 -4.347945321050942624e+01
7.424375651230270989e+00 -2.082481594524725921e+01
4.061346993222304746e+00 -2.650396691883144484e+01
4.846325312696533771e+00 -3.078986018069656438e+01
-4.795522027914924656e-01 9.942767052294364305e+00
2.068371411680923533e+00 -4.583193382997508891e+00
1.431692528566314948e+01 4.877983296502415911e+00
1.141809859971348651e+00 -5.293107205565856788e-01
5.316856699247901830e+00 -1.964930971724465536e+01
-9.899450592059402254e-01 1.699526644829104072e+01
1.544723926528604352e+01 2.346562483723958792e+01
-5.039597336188696985e-01 7.198948001584759560e+00
7.844204876823290817e+00 -2.615649417918919184e+01
1.664271883942699048e+01 4.792457158995822653e+01
1.271281146065947532e+01 -7.185602817798315556e-01
4.720628686640525373e+00 -2.843350670862911045e+01
2.112849521739069480e+00 -3.412070407352631563e+00
1.387519305821037552e+00 -1.686210020365413342e+01
1.553935456595859677e+01 2.291098263114670885e+01
-9.686202963347012584e-02 1.966262923478118552e+01
2.336569616942739458e+00 -8.924599258469989138e+00
8.873565327828890403e+00 -1.420321842635235221e+01
9.372993187178064289e+00 -2.788384242345153652e+01
1.291510122055985299e+01 2.417347814428906450e+00
4.376897541426963301e+00 -1.010504259826511131e+01
2.126542824976021873e+00 -3.520132279436075606e+01
1.735921463708579893e+01 6.243788508666041537e+01
1.214366154996933922e+01 -7.951268957167398455e+00
1.138408962029530969e+01 -2.370751197638142216e+01
-6.571380869655607526e-02 4.121702690691137150e+00
1.657723870602847427e+01 4.243678375625467680e+01
1.488289719791242760e+01 1.126821871122340113e+01
1.739774297883829846e+01 5.557644034978649472e+01
2.556640789638736422e+00 -2.177991397110924510e+01
7.415849769446325013e+00 -2.950643244370036200e+01
1.291892204099529096e+01 1.351746658828828451e+01
1.607157066538221102e+01 2.569797263176461399e+01
1.499224225156405765e+01 3.235219550354987916e+01
1.703625015858985137e+01 4.306001051648645728e+01
3.819585985862015143e-01 1.300012556238899641e+01
6.113189423505579256e+00 -3.050565746844680604e+01
5.368620624889178572e+00 -3.194390293332229191e+01
1.251348862466616829e+01 -1.561629555304704375e+01
1.714733733993255882e+01 4.218703365465673727e+01
7.247396741091790773e+00 -2.391040734023146541e+01
5.548501836579481150e+00 -2.191002588697047315e+01
1.223606949374651975e+01 -2.191669233399720973e+00
4.690088076967622754e+00 -3.276312450554931388e+01
1.504261762447858430e+01 2.678009580805406031e+01
-7.292241715345695319e-01 1.557975117928974029e+01
1.562302599897174460e+01 2.891273466298557437e+01
9.686501946515191364e-02 -4.180765415656588324e+00
1.446001248042728271e+01 3.209615603210257007e+01
1.438775934180972094e+01 7.606183246267935516e+00
1.243216965860507095e+01 -5.401503753499624416e+00
1.072619626686133998e+01 -2.838850561300294828e+01
1.520061622970111159e+01 1.448332146934486353e+01
6.682451889002612333e+00 -2.169542192948537362e+01
4.327846983064940645e+00 -3.229081452924334172e+01
1.081700548900680303e+01 -2.351922479046771741e+01
8.377060194827810058e-01 3.779384548550694944e-01
1.527355063379565792e+01 2.675975080555256724e+01
6.453294017042855657e+00 -2.995635711877847740e+01
1.584402333073822433e+01 3.944936631238382319e+01
1.141881385039886609e+01 -1.043554071960452845e+01
1.591092499050331455e+01 3.948344784710832300e+01
1.899914228531081939e+00 -8.033266634542417961e+00
1.189256710963463171e+01 -1.410077229877387239e+01
1.504599045448928862e+01 2.263901800688365284e+01
1.782588630576357147e+01 6.040696818735109730e+01
1.658787639021676696e+01 4.525696741935189493e+01
-6.006716142909276357e-01 6.615886771254338328e+00
1.392297723585446612e+01 1.038093270403546065e+01
1.775245071962100241e+01 7.589606267473182299e+01
7.930223433316513137e+00 -1.943307243502147941e+01
1.754267007724721594e+01 7.726070095447190056e+01
6.740126290838691858e+00 -2.385923456918539642e+01
1.434027470788153735e+01 5.180504112948572271e+00
1.308790328472240816e+01 8.567068730017775025e-01
8.322210226967040825e+00 -2.330385180346587504e+01
1.169568262416215276e+01 -8.321037706281307678e+00
1.138213773287602670e+01 -1.672235937061776667e+01
1.895644374252444031e+00 -1.004577976459007083e+01
7.460060064060790808e+00 -3.412101119007120786e+01
4.605549925389359700e+00 -2.333008023387167285e+01
1.749962770849188232e+01 5.997106797482181406e+01
1.811387800118803426e+01 7.270011563464802862e+01
9.563496112622630108e+00 -1.529646886135609485e+01
8.636910119668172570e+00 -2.286110002179277245e+01
8.078069490309545131e+00 -2.601132153712281436e+01
5.346873824137595932e+00 -1.918728227793940277e+01
1.530546259350558103e+01 1.394281234834920191e+01
8.256101865699129405e+00 -1.933544015839362018e+01
2.433222383110399178e+00 -2.712980519466160345e+01
1.762319014561404629e+01 5.529809885961817884e+01
5.571289612301174365e+00 -1.917460112304393149e+01
1.552625687721344150e+01 3.703989509002329328e+01
