-2.060869160265764499e+00 6.539039003063552569e-01
-2.521244553701246893e+00 5.592291478711769459e-01
-2.157251513175345359e+00 6.232002888025646170e-01
2.003392703554148113e+00 6.886853920415926256e-01
-3.518716604371558532e+00 2.813047714458415949e-01
2.715597360111958736e+00 4.883855468189732818e-01
-5.302625697913487812e-02 1.000232725625060048e+00
-1.963005429481419206e+00 7.016817798145675855e-01
9.777844705141287562e+00 3.053808843683333829e-02
5.914591672707558700e-02 1.009246519701452183e+00
-5.814256012926865225e+00 3.941236654715137011e-02
-2.226037067529966329e+00 6.216287924310647250e-01
2.753383570925361568e+00 4.520056820287600696e-01
-6.651176580119459558e+00 -7.117165075477896452e-04
3.752284190621846705e+00 2.645805025934888643e-01
5.271812574230688497e+00 8.836351492095162463e-02
1.340374757342440049e+00 8.428714226587145086e-01
9.086132447185299554e+00 6.870549407702904524e-03
6.020358234827209998e-01 9.511925593028865977e-01
3.262388651971615872e+00 3.270069828488183505e-01
-1.016543688785148447e+00 9.019101495937638102e-01
1.149615146851008518e-01 9.445996276921766466e-01
5.265854168530546886e+00 3.715405412567093779e-02
4.963860053315443110e-01 9.651545940132758572e-01
-2.830667569829620867e+00 4.397549700505863912e-01
8.438982828199151243e+00 -3.798255846295581911e-02
-2.583394435570061987e+00 5.015451261520736947e-01
2.725347854645317369e+00 4.682234801506406918e-01
-7.798063920162610074e+00 3.955783411447333364e-02
1.449319959213793751e+00 8.428904853430082555e-01
7.137987837995137141e+00 -2.061799964789040596e-02
-4.870150656191702510e+00 8.814653477731167197e-02
8.572736041549074315e+00 3.110668022108410008e-02
-1.998291981523685479e+00 6.763913211869010400e-01
-2.825419977789693782e+00 4.553647301621129295e-01
4.177682332541634125e+00 1.816824781476011341e-01
-7.795200732811172983e+00 -3.498565117915336531e-02
-4.042571022186258745e-02 1.013061546668550639e+00
-6.875029533865369302e+00 2.316495749123087533e-02
3.581557762000695533e+00 3.052746129371246564e-01
-2.679744354511012006e+00 4.919668503117692882e-01
3.997059363943984422e+00 2.019121924430633819e-01
-7.491416210833744316e+00 5.579055761212052891e-03
8.566542589945797204e+00 -9.351181175101929560e-03
-4.171991899797626857e-01 9.965793570522151201e-01
-5.254031001866647621e+00 5.211638937867094784e-02
8.937831150362640642e-01 9.019229959604837532e-01
-4.544047772866139923e-01 9.547141619650623134e-01
1.473656516932221550e+00 8.215399638459043308e-01
-6.164070782432489182e-01 9.438597898164695632e-01
7.411957870571477258e+00 -1.598939654748562922e-02
-6.935269317410938328e+00 -1.883405758814555089e-02
-1.197311975566872633e+00 8.794059527271003152e-01
-6.118942500444067178e+00 2.018506820075201616e-02
-2.541323135012180323e+00 4.998726876061234670e-01
-7.006092330525843792e+00 3.428597398573916301e-03
5.759651809754018359e-03 1.016168865300256297e+00
3.459315825064068761e+00 3.006712621003155284e-01
-8.552292365081699543e-01 9.104934684039993620e-01
3.897853055821947521e+00 2.153116050510392177e-01
2.918458061141663507e+00 4.093512610275721886e-01
9.556651452648807776e-01 8.787913359872544516e-01
-2.098099884888488198e+00 6.446685186488392283e-01
-1.322838032535615937e-01 1.011924737108696348e+00
-2.297406228859265376e+00 6.225326771237169599e-01
-1.026852536888919865e+00 8.867640627550773536e-01
1.804540254987276882e+00 7.190781102210305198e-01
-1.647280204062933073e+00 7.771202642139206640e-01
6.602568721120272599e+00 -3.930064382062460268e-03
-6.841450865554927319e+00 2.361629943407146659e-02
9.640209635197475535e+00 -1.846197244962110781e-02
2.669170736742412231e-01 9.908980971089502710e-01
-5.464392941631182055e-01 9.825628344530239477e-01
8.921774071537480921e+00 3.007818927462740065e-03
-2.338026959903974245e+00 6.001392730009619259e-01
5.537578013065676430e+00 8.137483450490898274e-02
-1.131148330690924020e+00 8.748442765824361311e-01
-9.965161009332907938e-01 9.188153643683281135e-01
-2.300820508599284331e+00 6.023529755833162413e-01
6.198004095312606765e+00 1.098183357075422847e-02
-4.104993998072445471e+00 2.224979406800993431e-01
3.087565977531150807e+00 3.878869669522131414e-01
3.400749082315073224e-01 1.024083402201402482e+00
1.223378732289058135e+00 8.668750036767050027e-01
3.816500630047084286e+00 2.182612224711816817e-01
-1.044312427372823926e+00 8.923339679551030024e-01
7.413588750629383384e+00 -1.740578310294307873e-02
-4.761287033135193525e+00 8.160554504978040358e-02
-3.077186580752814038e+00 4.002917026785869914e-01
3.503214524540553043e+00 2.962426205982512939e-01
-2.347426436896802748e+00 5.698043016955406381e-01
-5.260240441559839830e+00 5.227974345004460233e-02
3.757849758010408436e+00 2.310868695012621710e-01
-7.156443749046962566e+00 -9.380849189222342788e-03
-7.105825788052850811e-01 9.527680661841191334e-01
1.691459744573831969e+00 7.789882469953028910e-01
-2.906728411706291482e+00 4.318199355121792316e-01
5.683717661827103029e+00 4.217345376297503001e-02
4.292750454387039838e+00 1.962903157559644507e-01
2.062493530304564615e+00 6.662965704214862672e-01
2.031626344936743322e+00 6.543655382902212603e-01
2.165624000206985755e+00 6.373033427793458605e-01
7.794114020343149818e+00 7.438462722692119541e-03
-7.820561546987859103e+00 -9.115693798767516773e-03
4.247399655860476742e+00 1.875921558467904815e-01
-5.397832052243410672e+00 2.996195683775714283e-02
-4.573397027720515595e+00 9.517789304816570706e-02
5.483959827232354201e+00 4.286480363292961837e-02
-6.623040714007379037e+00 8.806185835263029976e-03
9.992497184198271043e+00 -2.639753058897253285e-02
-2.822596140726901126e+00 4.615414610216366231e-01
7.292603336412431858e+00 2.161834132810850836e-02
9.467780573326990634e+00 2.333678050563173581e-02
-7.691006065827312277e+00 1.628494887292712343e-02
-2.783753878122039893e+00 4.267819611166084881e-01
8.516857516721824339e+00 -2.386296630440573954e-02
-7.939858511974563271e+00 1.883033921227864407e-02
9.711324942397997262e+00 -2.887612021043339111e-02
-2.041240255819903204e+00 6.616895893095723347e-01
2.782028163913919272e+00 4.812912534648294827e-01
-4.740197727506859415e+00 9.922332605104670911e-02
1.834694475425413529e+00 7.026781248321652962e-01
2.738996036173961812e+00 4.975515523801895545e-01
1.279475442155675324e+00 8.671256862259569820e-01
1.616534042787966641e+00 7.798091726029641180e-01
8.590729429132426986e+00 -2.415294595101953948e-02
5.572729867366899015e+00 5.543976342364682897e-02
-7.197699688339588064e+00 2.123773229509165819e-02
1.925595924454347241e+00 6.677630192742318727e-01
5.434561412475980902e+00 5.993996572747128243e-02
-2.571519778400917389e+00 5.536332810550110839e-01
-7.807737850046757799e+00 -4.605946670992772107e-02
8.979323825614454080e+00 1.764991018467652797e-03
-6.097485735254213779e+00 4.275140066322297844e-02
-3.134284536488591399e+00 3.900180314847767615e-01
2.931937430945659173e-01 9.600438758514124871e-01
-1.560653978780361939e+00 7.517291053116184063e-01
6.655335486249857269e+00 3.095794205481053329e-02
4.334186527258811594e+00 1.599147996168468200e-01
2.974758887314049360e+00 4.097199322355998818e-01
-7.307851407801457810e+00 -8.226784792546345398e-03
-4.531086500139129392e+00 1.026851747673832166e-01
-4.248930867627599639e+00 1.137516386569159543e-01
8.207420367869609379e+00 -7.074202101749804683e-03
6.050936540593221835e+00 5.071795483849126512e-02
-6.044791287340681052e+00 9.564393406405889003e-03
-7.991161874221521799e-01 9.389130939674422693e-01
6.093603497674740410e+00 3.975835432111247958e-02
2.559778387340889694e+00 5.496269870715514427e-01
7.367091384700186651e+00 1.139738638585356158e-02
-3.990258701215236847e+00 2.195596483409190947e-01
5.567803012437686050e+00 6.135574830730126938e-02
4.166945731390988783e+00 1.596781227287824290e-01
-1.996781383265123111e+00 6.624951517116401956e-01
-4.584604530194620331e+00 1.283658964373538547e-01
-5.308747494450862803e-01 9.836804710400054441e-01
-2.104360811361845052e-01 9.764717764045399706e-01
5.674889934054403895e+00 3.994383354281955123e-02
9.488359974636473737e+00 1.244725027983318959e-02
2.502034708406910113e+00 5.231159800152055395e-01
9.318686512634695163e+00 -8.408398234935169496e-03
5.987220338731770397e+00 2.980738606558229128e-02
-5.365999603060211065e+00 5.382208447239977128e-02
-6.633517079926397386e+00 3.681483610325642086e-02
7.909983126414410037e+00 -1.617491442952426889e-03
2.670423137613294529e+00 4.942517806125353297e-01
-2.330499977288399194e+00 5.879042180318757582e-01
-2.328670660913713775e+00 5.923014767170978745e-01
-1.670837638378572798e+00 7.533642193349696647e-01
-5.852762472394332782e+00 1.207600840714063636e-02
-6.004189375240214233e+00 2.245513021198755274e-02
-5.935134249328998024e+00 6.013421942676135112e-02
1.019959247689273596e+00 9.164068052165067479e-01
2.633065714861542617e+00 4.879334545378220533e-01
-6.954473504602499467e+00 -1.323269748593232896e-02
-5.917648313697541518e+00 5.330833222585681236e-02
7.135719828845521917e+00 -2.587643511423884726e-02
-3.538469986956034319e-01 9.954029512086718379e-01
-6.116369174738340853e+00 3.618557454933494372e-02
-5.155174760928948885e+00 7.291469674644786292e-02
