-3.910852021999589034e+00 -8.939395873971327511e-01
7.891072922811712687e+00 -7.887688532267097541e-01
4.750360190378369651e+00 6.743058120656271193e-01
6.887209880651392169e+00 -2.084773425467475461e-01
-8.515613048143535480e-01 -3.298210342240986970e-01
2.719648279331746465e+00 8.622401650980353605e-01
-3.471972541109432875e+00 -8.382054507384909536e-01
-5.985270628690432915e+00 -4.519763632087985261e-01
6.017288944361956382e+00 -3.352633974323643296e-02
1.412084491436963241e+00 5.442580180998114470e-01
4.162735574756595724e+00 9.438326504389425997e-01
-5.015021031045376887e+00 -6.165475371874551413e-01
7.592024462477340307e+00 -5.845344125456098938e-01
6.286184859963189098e+00 -6.121501224327733498e-02
-1.668103137675494452e+00 -9.410921795031257364e-01
-3.512735635682160851e+00 -1.016649427427541941e+00
7.164077553392266040e+00 -3.333313099239375021e-01
7.654176585641693009e+00 -6.940250697530481183e-01
5.086223786148607928e+00 5.390180993071229665e-01
5.692161917726593856e+00 3.174652511786713593e-01
-2.451746194627800968e+00 -8.063767586314709579e-01
1.861320096448695338e+00 8.665349984724599608e-01
-5.940276783779058434e+00 -1.081999961173760461e-01
7.172688800651563668e+00 -4.554641395412066807e-01
7.972241700639242978e+00 -7.815067512744042766e-01
-3.793783859874189979e+00 -9.896668144280904578e-01
-7.942491443822490282e-01 -3.595799808265320308e-01
-2.664549740324608784e+00 -8.677324502676742046e-01
-3.200837332819570946e+00 -1.031301948968699866e+00
2.509169227317675777e+00 9.498539254082376537e-01
-2.081585157864704883e-01 -1.075711685593207650e-01
2.002688506673864666e+00 1.072061909838218474e+00
-4.209814307556557722e+00 -9.796471543230887979e-01
-4.744738517354578633e-01 -6.424172279064813140e-02
3.396603073734686618e+00 1.113657094643316858e+00
-4.200179200718078931e+00 -8.392986336596132135e-01
-1.374884495835345000e+00 -4.871214959213535645e-01
3.574618522985373303e+00 7.682902072421526896e-01
1.195386887220120542e+00 4.993101674285616576e-01
-2.861414083185544133e+00 -8.799575183273636858e-01
7.243720031900476641e+00 -4.001048284098767671e-01
-2.149915518111147783e+00 -1.012473857779578656e+00
-3.626185254188690088e+00 -8.891815604149683194e-01
2.984287475329221451e-01 1.647186702465241459e-01
-4.374007648085026290e+00 -7.024951553250015079e-01
-2.958191266857379098e+00 -1.014535255158162785e+00
5.710001561706132378e+00 3.575157272591972246e-01
-2.308033732373096392e+00 -9.550052595418451196e-01
-6.208122393004167350e-01 -2.860380919900790686e-01
3.472145980042444791e+00 9.732791999994118148e-01
5.927103365857888662e+00 1.149326490217501828e-01
1.251427111077523691e+00 6.922512132347352631e-01
2.913666173543836280e+00 9.667221718171894462e-01
5.922344094848419616e-01 3.475186398158339185e-01
6.332467431073238728e+00 7.684201207939524159e-02
2.136935219105744466e-01 3.457218538635772886e-02
6.062711670433326816e+00 3.259975471287461513e-02
4.187384656394513627e+00 7.586592578063657832e-01
9.082532461243264521e-02 6.751532119440940838e-02
4.626334352578640008e+00 6.447085579446063530e-01
-3.660585270724141083e+00 -1.089162764092394653e+00
-4.986681127810008718e-01 -3.098440171049774983e-01
-2.921981165050874907e+00 -1.161808719237850562e+00
1.246652629710788496e+00 5.783189330254514537e-01
-5.237055007954633190e+00 -5.619018336549999049e-01
2.688185615725586786e+00 9.008990748498103551e-01
-3.610457506959385832e+00 -1.026458707969278183e+00
4.869771675561143098e+00 5.783575528447708614e-01
3.697018845192829417e+00 9.431615570883898902e-01
6.617935361890289414e+00 -2.532802980824857553e-01
-4.857543977220021958e+00 -5.400439945013626453e-01
7.944093214243279633e+00 -6.358433323894273625e-01
5.540722474180649115e+00 4.405163505643737154e-01
3.621832441767601551e+00 8.107127176108679389e-01
2.722786850133658731e+00 1.161306352150838217e+00
-4.657516288092414136e+00 -7.256532145823726410e-01
-5.471362034208699932e+00 -2.457372387760751453e-01
6.458332734952422882e+00 -2.369963233993235829e-02
-5.831018212771724940e+00 -1.903729715293575875e-01
3.599558138208017510e+00 1.135275985649147001e+00
4.864008803086919741e+00 6.945655175632039491e-01
6.408913879973239247e+00 -1.126235561502276633e-01
-4.419388233670282773e+00 -8.981621553091374555e-01
-9.573539308487681865e-01 -5.043322245967911677e-01
2.770478404694163288e-01 -9.006252581228024745e-02
-4.762722818068339414e+00 -5.548072747157420936e-01
-4.789470521902761568e+00 -7.641564400179755578e-01
-3.328224193721708968e+00 -1.015673951398675223e+00
6.466358620486337472e+00 -3.655163238972450879e-01
4.387757937722035706e+00 7.084851045823282734e-01
7.811700410502520953e+00 -5.393923914031218958e-01
-1.352548187122149415e+00 -4.181557239207503995e-01
1.065637123156751187e+00 4.301314114549054102e-01
4.149093604842500227e+00 9.524734671997793223e-01
1.980876840064329514e+00 9.030206248096499522e-01
4.562370119749571629e+00 7.291027859111633980e-01
-3.951415107144893746e+00 -9.303758573129301546e-01
-9.289232953415478278e-01 -4.539870902989416313e-01
3.046533911133618489e+00 1.104172494249955783e+00
-5.884742539724831190e+00 -2.298703162203935557e-01
